0
9870
350
280
110
2060
440
1800
1000
0
5570
0
0
390
11950
1310
90
1730
4110
4120
520
4650
1900
2550
980
600
1670
5840
2980
3810
5290
50
610
4910
6380
2380
8700
2790
4790
10010
6660
130
5000
6000
6000
6000
7000
3010
930
1060
0
1000
3460
6160
0
0
0
0
0
0
0
0
0
0
10
0
0
0
0
5310
130
180
100
0
0
110
670
280
110
10
1740
0
20
4060
0
60
30
10
100
10
190
0
5790
20
100
0
10
10
5620
1060
7060
0
10
0
0
0
0
0
0
0
0
60
50
60
50
20
80
0
220
80
410
150
160
2120
5930
20
20
1970
2870
2340
5090
2160
110
230
110
320
190
190
40
60
0
0
0
0
0
0
0
2290
0
0
2200
10
0
0
0
2320
8840
12910
6420
2330
10720
0
0
10
0
2380
2290
0
0
0
0
0
2980
2120
5860
0
6650
0
0
2230
2370
2440
2300
100
0
10
60
2470
2230
2070
2410
2170
2310
320
20
0
2450
1060
60
2490
3440
50
60
1060
1030
1060
13340
8710
900
910
0
2460
7450
2160
2190
2440
